0.060291
-0.467579
0.154745
81.517159
76.720644
0.000000
0.000748
3411.283110
6747.069048
9477.792965
8974.532022
4164.222046
8153.346938
1632.777763
7270.060092
4172.717936
3968.630260
657.049025
3015.133928
820.241445
9467.216642
8550.341815
2678.593565
8760.858009
4576.296997
3099.206127
927.266458
5385.672305
2093.288654
7486.487848
6675.827224
2385.899560
9310.031961
8070.537581
4057.085115
1440.537685
1105.833084
6341.828850
4473.352886
4773.316455
4561.676363
1887.188656
8933.415657
2864.833508
4548.147866
4253.316295
9208.857288
6842.592296
5609.638913
5770.100869
7305.590266
6696.385072
4050.267570
4395.131316
7174.987464
3859.855167
3665.371503
2613.722011
5834.219744
8347.269159
1143.722954
2937.151348
6176.331317
3641.379524
6.199661
652.212019
4087.209232
3446.733375
8679.258846
7430.144216
43.902770
9417.883633
9140.646955
8875.255069
4911.643505
2995.125288
5297.265525
8419.016145
5889.554050
2439.621313
9318.096635
5720.051079
2010.245453
6645.329687
6993.883284
2283.918429
3824.352984
8832.655750
8678.332884
6061.892426
9090.453552
3199.120896
9539.399097
6020.350869
5000.645490
6727.668828
4256.403927
231.654505
9108.200689
3358.972497
3399.532285
3991.515579
21.349701
750.563643
7763.406757
8043.337803
8711.514300
1566.388916
3221.340019
7073.575587
1201.617119
4342.244341
2000.648427
7680.046182
1566.752964
9829.159360
6883.956255
1799.792582
769.964735
8897.705271
2211.900286
4249.236824
4201.939500
5723.082036
2958.512348
1020.640645
3208.637641
2426.383499
2294.569071
22.179356
1791.796739
4294.939610
6453.194439
3918.547852
1210.992310
6821.285893
6336.895480
8715.299874
2296.247116
4888.983102
7504.306431
8597.806892
8009.348756
1097.256906
6616.945187
8605.235614
747.004630
9884.593951
5822.616994
1325.263045
6670.112777
5861.350237
2677.655251
4940.111655
2847.341947
2551.622868
3318.888194
407.272950
4890.748001
4999.965574
5727.334204
2455.033086
5655.604945
6742.170965
9900.369012
7855.800149
570.246205
2163.872338
1078.009822
6037.238642
3905.672045
7279.142758
6389.512157
8049.441378
1904.261337
9260.193144
1943.555975
2443.775092
4023.687625
3934.622509
202.884335
990.359671
3199.607624
5952.534817
8765.750872
4965.699699
5375.019102
4926.807072
1805.292469
5234.601767
4887.724367
3766.116847
8370.858917
5319.160910
3638.021789
6529.738192
6699.189076
7969.738999
3531.241691
8306.099637
3461.422712
2543.952324
8777.910846
4839.657210
6316.530488
4696.054333
0.050475
0.772644
1.421702
0.896120
0.803895
-0.744108
0.781331
-1.314130
1.182875
-0.813252
1.473496
-0.600812
1.269312
1.356074
0.944090
0.307373
-0.118798
-1.166012
0.211302
1.053850
-1.444242
0.263106
-0.754948
-1.099457
0.171605
-0.218359
1.363187
-0.319909
0.790756
