-0.070203
-0.009017
0.088922
87.205745
80.914625
0.000000
0.000877
6858.000318
1025.380673
685.313024
227.886577
1329.608195
1126.921529
7266.428187
9184.520933
49.576895
9110.562239
8800.725608
5766.049818
5938.749773
2769.805331
9406.042523
966.683084
6352.660520
1706.941572
3922.874152
2233.330458
9259.412608
6281.493617
9801.475034
7654.196343
380.080445
9403.774121
3207.571698
9635.068759
2107.448744
8257.571504
9088.367730
3932.880705
2688.424896
4598.697754
1381.943928
7214.144975
4261.392063
6951.565072
8758.653042
9228.841015
413.561700
1265.794414
2682.072968
354.591568
7031.472697
8151.136886
6869.485066
1200.460058
8765.609921
1331.582898
6160.062427
1049.203993
2208.604056
7603.169678
7004.351260
8553.766421
5742.196532
432.041762
4564.752001
6816.144980
8403.113654
4202.132238
803.146277
1759.491279
9966.946054
7046.992515
2647.156266
1867.438890
7328.274346
5685.291729
5812.611149
1205.861163
3029.200537
2707.103303
604.328919
3373.588379
8756.959522
8203.804823
8447.867737
2515.300561
6861.250954
864.201804
3856.151067
1184.300365
6865.259239
7951.738115
3323.961525
9176.701981
8963.928237
5832.807568
2219.324330
2638.136084
4190.672866
4947.467688
2214.623340
6125.275240
5574.631075
1914.451275
3650.862372
9272.452906
6852.947013
9634.840054
5770.863439
2118.866072
301.351661
1028.414738
524.718859
3171.496551
4071.875384
4215.749950
2253.286182
3875.362821
6423.358327
9407.589619
971.528651
1153.517621
8208.994260
1522.320704
894.495845
8767.088462
5238.516683
3957.742192
8702.254833
3624.584080
7214.813912
8456.938936
8579.406075
4238.413345
6378.828658
4887.365085
9403.551796
1218.946300
9223.631220
4109.008825
8200.110240
3526.769063
5390.712707
3466.732289
3788.650800
1040.389347
2756.937670
1682.236175
2309.699452
6138.194518
6415.804171
3259.348293
7036.374350
1275.791211
8682.221591
2686.298408
9459.238792
6468.289421
7649.267609
1640.385991
6177.542815
2909.777422
4314.532421
4098.215363
5934.215714
4167.343073
6246.685892
3159.146012
402.928270
5568.631105
7877.200520
6245.841328
9411.990497
2866.235359
3570.849410
5080.890245
3899.148446
9332.054049
8546.826924
6149.349374
2379.210923
6740.838866
921.365803
2804.872409
5414.598667
3827.953081
427.904465
2023.528856
2828.524914
4305.950875
3307.275531
3837.328589
8866.612826
8876.903262
3652.340273
1212.493391
2163.023783
8684.461301
1862.998741
6147.901670
4295.432016
9737.888469
6819.515206
3453.669279
2145.381858
-0.360206
0.564803
-0.841985
0.787455
-1.050160
-1.009426
0.747569
-0.761079
-0.861384
-1.428057
-0.504115
-0.823320
-0.401497
0.465216
0.980876
-1.093281
1.156804
0.286507
1.017738
0.562605
0.971100
-1.114686
-0.850995
-1.449993
-0.844426
0.991183
-0.524768
-1.290917
-0.474619
